1	11
2	11
3	11
4	11
5	11
6	11
7	11
8	11
9	11
10	11
11	11
12	11
13	11
14	21
15	31
16	41
17	41
18	51
19	61
20	71
21	71
22	71
23	71
24	71
25	81
26	91
27	91
28	91
29	91
30	91
31	101
32	111
33	121
34	131
35	141
36	141
37	151
38	161
39	171
40	181
41	181
42	191
43	201
44	201
45	201
46	201
47	201
48	201
49	201
50	211
51	221
52	221
53	221
54	221
55	231
56	231
57	241
58	241
59	251
60	261
61	261
62	261
63	261
64	261
65	261
66	271
67	281
68	281
69	281
70	281
71	281
72	281
73	281
74	281
75	281
76	301
77	311
78	311
79	311
80	311
81	311
82	321
83	331
84	341
85	351
86	361
87	371
88	381
89	381
90	381
91	381
92	381
93	381
94	381
95	381
96	381
97	381
98	381
99	381
100	381
101	381
102	381
103	381
104	381
105	381
106	381
107	381
108	381
109	391
110	401
111	411
112	411
113	411
114	411
115	411
116	411
117	411
118	411
119	411
120	411
121	411
122	411
123	411
124	411
125	421
126	421
127	431
128	431
129	431
130	431
131	441
132	451
133	461
134	471
135	471
136	471
137	471
138	471
139	481
140	491
141	491
142	501
143	501
144	501
145	501
146	511
147	511
148	511
149	511
150	511
151	521
152	531
153	531
154	531
155	541
156	541
157	551
158	561
159	561
160	561
161	561
162	561
163	561
164	571
165	581
166	591
167	591
168	591
169	591
170	591
171	601
172	601
173	601
174	601
175	611
176	621
177	631
178	631
179	631
180	631
181	631
182	631
183	631
184	631
185	631
186	631
187	641
188	641
189	651
190	661
191	671
192	681
193	691
194	691
195	691
196	701
197	711
198	721
199	721
200	721
201	721
202	721
203	731
204	741
205	751
206	761
207	761
208	771
209	771
210	781
211	791
212	801
213	801
214	801
215	801
216	801
217	801
218	801
219	801
220	801
221	801
222	801
223	801
224	811
225	821
226	831
227	841
228	851
229	861
230	871
231	881
232	891
233	901
234	911
235	921
236	921
237	921
238	931
239	941
240	951
241	961
242	971
243	981
244	991
245	991
246	991
247	1001
248	1011
249	1021
250	1031
251	1031
252	1031
253	1031
254	1031
255	1031
256	1031
257	1031
258	1031
259	1031
260	1031
261	1041
262	1051
263	1061
264	1071
265	1081
266	1081
267	1081
268	1091
269	1101
270	1101
271	1111
272	1111
273	1111
274	1121
275	1131
276	1131
277	1141
278	1151
279	1161
280	1161
281	1171
282	1171
283	1171
284	1171
285	1171
286	1171
287	1171
288	1171
289	1171
290	1181
291	1181
292	1181
293	1181
294	1191
295	1201
296	1201
297	1201
298	1201
299	1201
300	1201
301	1211
302	1221
303	1221
304	1221
305	1221
306	1241
307	1241
308	1241
309	1241
310	1251
311	1261
312	1271
313	1281
314	1291
315	1301
316	1311
317	1321
318	1331
319	1341
320	1351
321	1361
322	1371
323	1381
324	1381
325	1391
326	1391
327	1391
328	1391
329	1391
330	1391
331	1391
332	1391
333	1391
334	1391
335	1391
336	1391
337	1391
338	1391
339	1391
340	1401
341	1411
342	1411
343	1411
344	1411
345	1411
346	1431
347	1441
348	1451
349	1461
350	1471
351	1481
352	1481
353	1491
354	1491
355	1501
356	1501
357	1511
358	1511
359	1511
360	1521
361	1521
362	1521
363	1531
364	1541
365	1541
366	1551
367	1561
368	1571
369	1571
370	1571
371	1581
372	1581
373	1591
374	1601
375	1601
376	1611
377	1611
378	1621
379	1631
380	1641
381	1651
382	1661
383	1671
384	1681
385	1691
386	1691
387	1691
388	1701
389	1711
390	1711
391	1711
392	1711
393	1711
394	1711
395	1711
396	1711
397	1721
398	1721
399	1721
400	1731
401	1741
402	1751
403	1761
404	1771
405	1781
406	1791
407	1801
408	1801
409	1801
410	1801
411	1801
412	1801
413	1801
414	1801
415	1801
416	1801
417	1811
418	1821
419	1831
420	1831
421	1841
422	1841
423	1841
424	1841
425	1851
426	1861
427	1861
428	1871
429	1881
430	1891
431	1891
432	1891
433	1891
434	1891
435	1891
436	1891
437	1891
438	1891
439	1891
440	1901
441	1911
442	1911
443	1911
444	1911
445	1911
446	1911
447	1911
448	1921
449	1931
450	1941
451	1941
452	1941
453	1941
454	1951
455	1951
456	1951
457	1961
458	1961
459	1961
460	1971
461	1981
462	1991
463	1991
464	1991
465	2001
466	2011
467	2021
468	2021
469	2031
470	2041
471	2041
472	2041
473	2041
474	2041
475	2041
476	2041
477	2041
478	2041
479	2041
480	2041
481	2041
482	2041
483	2041
484	2041
485	2041
486	2041
487	2041
488	2041
489	2041
490	2041
491	2041
492	2061
493	2061
494	2071
495	2071
496	2081
497	2081
498	2081
499	2081
500	2091
501	2091
502	2101
503	2111
504	2121
505	2131
506	2141
507	2141
508	2141
509	2151
510	2161
511	2161
512	2161
513	2171
514	2181
515	2181
516	2191
517	2191
518	2201
519	2211
520	2211
521	2221
522	2221
523	2221
524	2221
525	2221
526	2221
527	2221
528	2221
529	2221
530	2231
531	2241
532	2241
533	2251
534	2261
535	2261
536	2261
537	2271
538	2271
539	2281
540	2291
541	2291
542	2291
543	2301
544	2301
545	2311
546	2311
547	2321
548	2331
549	2341
550	2341
551	2341
552	2341
553	2341
554	2341
555	2341
556	2341
557	2351
558	2351
559	2361
560	2371
561	2381
562	2381
563	2381
564	2391
565	2391
566	2391
567	2391
568	2391
569	2401
570	2411
571	2421
572	2421
573	2421
574	2421
575	2431
576	2431
577	2431
578	2441
579	2441
580	2441
581	2441
582	2441
583	2441
584	2441
585	2441
586	2441
587	2451
588	2461
589	2471
590	2481
591	2491
592	2501
593	2511
594	2521
595	2531
596	2541
597	2541
598	2541
599	2541
600	2551
601	2561
602	2571
603	2581
604	2581
605	2591
606	2591
607	2591
608	2591
609	2591
610	2591
611	2601
612	2611
613	2621
614	2631
615	2641
616	2651
617	2651
618	2651
619	2651
620	2651
621	2651
622	2651
623	2651
624	2661
625	2671
626	2671
627	2671
628	2671
629	2671
630	2671
631	2681
632	2691
633	2701
634	2701
635	2701
636	2711
637	2711
638	2711
639	2711
640	2711
641	2711
642	2721
643	2721
644	2731
645	2731
646	2731
647	2731
648	2731
649	2731
650	2731
651	2741
652	2741
653	2741
654	2741
655	2741
656	2741
657	2741
658	2741
659	2741
660	2741
661	2741
662	2761
663	2771
664	2781
665	2791
666	2791
667	2791
668	2791
669	2791
670	2791
671	2791
672	2801
673	2811
674	2821
675	2831
676	2841
677	2841
678	2851
679	2861
680	2861
681	2871
682	2881
683	2881
684	2881
685	2881
686	2881
687	2881
688	2881
689	2881
690	2891
691	2901
692	2911
693	2921
694	2921
695	2931
696	2931
697	2941
698	2941
699	2941
700	2941
701	2941
702	2961
703	2971
704	2981
705	2991
706	2991
707	3001
708	3011
709	3021
710	3021
711	3021
712	3021
713	3021
714	3031
715	3031
716	3031
717	3031
718	3031
719	3031
720	3031
721	3031
722	3031
723	3031
724	3031
725	3031
726	3031
727	3031
728	3031
729	3031
730	3031
731	3031
732	3031
733	3031
734	3031
735	3031
736	3031
737	3031
738	3031
739	3031
740	3031
741	3031
742	3041
743	3041
744	3041
745	3051
746	3061
747	3061
748	3071
749	3071
750	3081
751	3091
752	3101
753	3101
754	3101
755	3111
756	3121
757	3121
758	3121
759	3121
760	3121
761	3121
762	3121
763	3121
764	3121
765	3121
766	3121
767	3121
768	3131
769	3141
770	3141
771	3141
772	3141
773	3141
774	3141
775	3141
776	3141
777	3151
778	3151
779	3161
780	3161
781	3161
782	3161
783	3161
784	3161
785	3161
786	3161
787	3161
788	3161
789	3171
790	3181
791	3191
792	3201
793	3211
794	3221
795	3231
796	3231
797	3241
798	3241
799	3251
800	3261
801	3271
802	3281
803	3291
804	3301
805	3311
806	3311
807	3311
808	3321
809	3321
810	3331
811	3331
812	3341
813	3351
814	3351
815	3351
816	3351
817	3351
818	3351
819	3351
820	3361
821	3361
822	3361
823	3361
824	3361
825	3371
826	3381
827	3391
828	3391
829	3401
830	3411
831	3411
832	3411
833	3411
834	3421
835	3431
836	3431
837	3431
838	3431
839	3431
840	3431
841	3441
842	3451
843	3451
844	3451
845	3451
846	3451
847	3461
848	3471
849	3481
850	3491
851	3501
852	3511
853	3521
854	3521
855	3531
856	3541
857	3541
858	3541
859	3541
860	3541
861	3541
862	3541
863	3541
864	3541
865	3541
866	3551
867	3561
868	3571
869	3581
870	3591
871	3591
872	3591
873	3601
874	3611
875	3611
876	3611
877	3611
878	3611
879	3611
880	3621
881	3631
882	3641
883	3651
884	3651
885	3651
886	3651
887	3661
888	3661
889	3661
890	3661
891	3661
892	3671
893	3671
894	3681
895	3691
896	3701
897	3701
898	3701
899	3711
900	3721
901	3721
902	3721
903	3721
904	3721
905	3731
906	3741
907	3741
908	3741
909	3741
910	3741
911	3751
912	3751
913	3761
914	3771
915	3781
916	3791
917	3801
918	3811
919	3821
920	3831
921	3831
922	3841
923	3851
924	3861
925	3871
926	3881
927	3881
928	3891
929	3901
930	3911
931	3921
932	3931
933	3941
934	3951
935	3961
936	3961
937	3961
938	3961
939	3961
940	3961
941	3961
942	3961
943	3971
944	3971
945	3971
946	3981
947	3991
948	3991
949	3991
950	3991
951	4001
952	4011
953	4021
954	4031
955	4041
956	4051
957	4061
958	4071
959	4071
960	4081
961	4091
962	4101
963	4111
964	4121
965	4121
966	4121
967	4121
968	4121
969	4121
970	4121
971	4121
972	4121
973	4121
974	4131
975	4131
976	4141
977	4151
978	4151
979	4151
980	4161
981	4171
982	4171
983	4171
984	4171
985	4171
986	4171
987	4181
988	4181
989	4191
990	4201
991	4201
992	4211
993	4211
994	4211
995	4211
996	4211
997	4221
998	4231
999	4241
1000	4241
1001	4251
1002	4261
1003	4261
1004	4271
1005	4281
1006	4291
1007	4291
1008	4291
1009	4291
1010	4291
1011	4301
1012	4311
1013	4321
1014	4321
1015	4331
1016	4331
1017	4341
1018	4351
1019	4351
1020	4351
1021	4351
1022	4351
1023	4361
1024	4361
1025	4371
1026	4381
1027	4391
1028	4401
1029	4411
1030	4411
1031	4411
1032	4411
1033	4411
1034	4411
1035	4411
1036	4411
1037	4411
1038	4411
1039	4421
1040	4431
1041	4441
1042	4451
1043	4461
1044	4471
1045	4481
1046	4481
1047	4481
1048	4481
1049	4491
1050	4501
1051	4511
1052	4511
1053	4521
1054	4531
1055	4541
1056	4541
1057	4551
1058	4561
1059	4571
1060	4571
1061	4571
1062	4581
1063	4581
1064	4581
1065	4581
1066	4581
1067	4581
1068	4581
1069	4581
1070	4581
1071	4581
1072	4581
1073	4581
1074	4581
1075	4581
1076	4581
1077	4581
1078	4581
1079	4581
1080	4581
1081	4581
1082	4581
1083	4591
1084	4601
1085	4611
1086	4611
1087	4611
1088	4611
1089	4611
1090	4621
1091	4631
1092	4641
1093	4651
1094	4661
1095	4671
1096	4681
1097	4691
1098	4701
1099	4711
1100	4721
1101	4731
1102	4741
1103	4751
1104	4761
1105	4771
1106	4771
1107	4781
1108	4781
1109	4781
1110	4781
1111	4781
1112	4781
1113	4781
1114	4781
1115	4781
1116	4781
1117	4791
1118	4801
1119	4811
1120	4811
1121	4811
1122	4811
1123	4821
1124	4831
1125	4841
1126	4841
1127	4851
1128	4861
1129	4871
1130	4871
1131	4871
1132	4871
1133	4871
1134	4871
1135	4871
1136	4871
1137	4871
1138	4881
1139	4891
1140	4901
1141	4911
1142	4911
1143	4921
1144	4921
1145	4921
1146	4931
1147	4931
1148	4931
1149	4931
1150	4941
1151	4951
1152	4961
1153	4971
1154	4971
1155	4971
1156	4971
1157	4971
1158	4971
1159	4971
1160	4971
1161	4971
1162	4971
1163	4981
1164	4991
1165	5001
1166	5001
1167	5001
1168	5001
1169	5001
1170	5001
1171	5001
1172	5001
1173	5001
1174	5001
1175	5001
1176	5001
1177	5001
1178	5001
1179	5001
1180	5001
1181	5001
1182	5001
1183	5001
1184	5001
1185	5001
1186	5031
1187	5041
1188	5051
1189	5061
1190	5071
1191	5071
1192	5081
1193	5081
1194	5081
1195	5081
1196	5091
1197	5091
1198	5101
1199	5101
1200	5101
1201	5101
1202	5111
1203	5121
1204	5121
1205	5131
1206	5131
1207	5131
1208	5141
1209	5151
1210	5151
1211	5151
1212	5151
1213	5151
1214	5151
1215	5161
1216	5171
1217	5171
1218	5181
1219	5191
1220	5201
1221	5201
1222	5211
1223	5221
1224	5231
1225	5241
1226	5251
1227	5251
1228	5261
1229	5271
1230	5271
1231	5271
1232	5271
1233	5271
1234	5271
1235	5271
1236	5281
1237	5291
1238	5301
1239	5311
1240	5321
1241	5321
1242	5321
1243	5321
1244	5321
1245	5321
1246	5321
1247	5331
1248	5341
1249	5351
1250	5361
1251	5371
1252	5371
1253	5381
1254	5391
1255	5391
1256	5401
1257	5411
1258	5411
1259	5411
1260	5421
1261	5431
1262	5431
1263	5441
1264	5441
1265	5441
1266	5441
1267	5441
1268	5441
1269	5441
1270	5441
1271	5441
1272	5441
1273	5441
1274	5441
1275	5451
1276	5451
1277	5451
1278	5461
1279	5471
1280	5471
1281	5471
1282	5471
1283	5471
1284	5471
1285	5471
1286	5471
1287	5471
1288	5471
1289	5471
1290	5471
1291	5471
1292	5471
1293	5481
1294	5491
1295	5501
1296	5511
1297	5511
1298	5521
1299	5521
1300	5531
1301	5541
1302	5541
1303	5541
1304	5541
1305	5541
1306	5541
1307	5551
1308	5551
1309	5551
1310	5551
1311	5551
1312	5561
1313	5561
1314	5571
1315	5581
1316	5581
1317	5591
1318	5601
1319	5601
1320	5611
1321	5621
1322	5621
1323	5631
1324	5631
1325	5641
1326	5641
1327	5641
1328	5651
1329	5651
1330	5651
1331	5661
1332	5671
1333	5681
1334	5681
1335	5681
1336	5691
1337	5701
1338	5711
1339	5711
1340	5711
1341	5711
1342	5711
1343	5721
1344	5731
1345	5741
1346	5741
1347	5741
1348	5741
1349	5751
1350	5761
1351	5761
1352	5771
1353	5771
1354	5771
1355	5771
1356	5771
1357	5771
1358	5771
1359	5781
1360	5781
1361	5781
1362	5781
1363	5781
1364	5781
1365	5791
1366	5791
1367	5801
1368	5811
1369	5811
1370	5811
1371	5811
1372	5821
1372	5826
1373	5831
1374	5831
1375	5836
1376	5841
1377	5851
1378	5851
1379	5861
1380	5871
1381	5871
1382	5881
1383	5891
1384	5901
1385	5911
1386	5921
1387	5921
1388	5921
1389	5921
1390	5931
1391	5941
1392	5941
1393	5941
1394	5941
1395	5941
1396	5941
1397	5941
1398	5951
1399	5951
1400	5951
1401	5951
1402	5961
1403	5961
1404	5961
1405	5971
1406	5971
1407	5971
1408	5981
1409	5981
1410	5991
1411	5991
1412	5991
1413	5991
1414	5991
1415	5991
1416	6001
1417	6011
1418	6021
1419	6031
1420	6041
1421	6051
1422	6061
1423	6071
1424	6081
1425	6091
1426	6091
1427	6101
1428	6111
1429	6111
1430	6111
1431	6111
1432	6111
1433	6111
1434	6111
1435	6111
1436	6111
1437	6111
1438	6121
1439	6121
1440	6121
1441	6131
1442	6141
1443	6141
1444	6141
1445	6141
1446	6141
1447	6141
1448	6141
1449	6141
1450	6141
1451	6141
1452	6141
1453	6141
1454	6141
1455	6141
1456	6141
1457	6141
1458	6141
1459	6141
1460	6141
1461	6141
1462	6141
1463	6141
1464	6141
1465	6141
1466	6141
1467	6141
1468	6141
1469	6141
1470	6141
1471	6141
1472	6141
1473	6141
1474	6141
1475	6141
1476	6141
1477	6141
1478	6141
1479	6141
1480	6141
1481	6141
1482	6141
1483	6141
1484	6141
1485	6151
1486	6151
1487	6151
1488	6151
1489	6151
1490	6161
1491	6161
1492	6171
1493	6181
1494	6181
1495	6181
1496	6181
1497	6181
1498	6181
1499	6181
1500	6181
1501	6181
1502	6181
1503	6181
1504	6181
1505	6181
1506	6181
1507	6181
1508	6181
1509	6181
1510	6181
1511	6201
1512	6201
1513	6211
1514	6211
1515	6221
1516	6221
1517	6241
1518	6241
1519	6141
1520	6261
1521	6261
1522	6271
1523	6281
1524	6291
1525	6291
1526	6291
1527	6301
1528	6301
1529	6301
1530	6301
1531	6311
1532	6321
1533	6331
1534	6341
1535	6341
1536	6341
1537	6351
1538	6361
1539	6361
1540	6361
1541	6371
1542	6371
1543	6371
1544	6371
1545	6371
1546	6371
1547	6381
1548	6391
1549	6401
1550	6411
1551	6411
1552	6411
1553	6411
1554	6411
1555	6411
1556	6411
1557	6411
1558	6411
1559	6411
1560	6411
1561	6411
1562	6411
1563	6411
1564	6411
1565	6411
1566	6411
1567	6411
1568	6411
1569	6411
1570	6411
1571	6411
1572	6421
1573	6421
1574	6421
1575	6421
1576	6421
1577	6421
1578	6421
1579	6421
1580	6421
1581	6421
1582	6421
1583	6421
1584	6421
1585	6421
1586	6421
1587	6421
1588	6421
1589	6421
1590	6421
1591	6421
1592	6421
1593	6421
1594	6421
1595	6421
1596	6421
1597	6421
1598	6421
1599	6421
1600	6441
1601	6441
1602	6441
1603	6441
1604	6451
1605	6461
1606	6471
1607	6471
1608	6481
1609	6491
1610	6491
1611	6491
1612	6491
1613	6491
1614	6491
1615	6491
1616	6491
1617	6491
1618	6501
1619	6511
1620	6521
1621	6531
1622	6541
1623	6541
1624	6551
1625	6551
1626	6551
1627	6551
1628	6551
1629	6551
1630	6551
1631	6551
1632	6551
1633	6571
1634	6571
1635	6581
1636	6581
1637	6591
1638	6591
1639	6591
1640	6591
1641	6591
1642	6591
1643	6591
1644	6601
1645	6611
1646	6611
1647	6611
1648	6611
1649	6611
1650	6621
1651	6631
1652	6641
1653	6651
1654	6661
1655	6661
1656	6671
1657	6671
1658	6671
1659	6671
1660	6681
1661	6691
1662	6701
1663	6701
1664	6711
1665	6711
1666	6711
1667	6711
1668	6711
1669	6711
1670	6711
1671	6711
1672	6721
1673	6731
1674	6731
1675	6741
1676	6741
1677	6741
1678	6741
1679	6751
1680	6761
1681	6761
1682	6771
1683	6781
1684	6791
1685	6801
1686	6811
1687	6811
1688	6811
1689	6811
1690	6811
1691	6811
1692	6811
1693	6811
1694	6811
1695	6811
1696	6821
1697	6831
1698	6841
1699	6851
1700	6861
1701	6861
1702	6871
1703	6881
1704	6891
1705	6901
1706	6901
1707	6901
1708	6901
1709	6901
1710	6901
1711	6901
1712	6901
1713	6911
1714	6911
1715	6911
1716	6911
1717	6921
1718	6931
1719	6941
1720	6951
1721	6951
1722	6951
1723	6951
1724	6951
1725	6951
1726	6961
1727	6971
1728	6971
1729	6971
1730	6971
1731	6981
1732	6991
1733	6991
1734	7001
1735	7021
1736	7021
1737	7021
1738	7021
1739	7021
1740	7021
1741	7021
1742	7021
1743	7021
1744	7021
1745	7021
1746	7031
1747	7031
1748	7041
1749	7051
1750	7051
1751	7051
1752	7051
1753	7051
1754	7061
1755	7071
1756	7081
1757	7081
1758	7091
1759	7101
1760	7101
1761	7101
1762	7101
1763	7101
1764	7111
1765	7111
1766	7111
1767	7111
1768	7111
1769	7111
1770	7111
1771	7111
1772	7111
1773	7111
1774	7111
1775	7111
1776	7111
1777	7111
1778	7111
1779	7111
1780	7111
1781	7111
1782	7111
1783	7111
1784	7111
1785	7111
1786	7111
1787	7111
1788	7111
1789	7111
1790	7111
1791	7111
1792	7111
1793	7111
1794	7121
1795	7121
1796	7121
1797	7121
1798	7121
1799	7121
1800	7151
1801	7161
1802	7171
1803	7181
1804	7191
1805	7191
1806	7201
1807	7211
1808	7211
1809	7211
1810	7221
1811	7221
1812	7221
1813	7221
1814	7231
1815	7241
1816	7251
1817	7261
1818	7271
1819	7281
1820	7291
1821	7301
1822	7311
1823	7321
1824	7331
1825	7341
1826	7351
1827	7361
1828	7361
1829	7361
1830	7361
1831	7361
1832	7361
1833	7361
1834	7371
1835	7371
1836	7371
1837	7371
1838	7371
1839	7371
1840	7371
1841	7381
1842	7391
1843	7391
1844	7401
1845	7411
1846	7411
1847	7421
1848	7431
1849	7431
1850	7441
1851	7441
1852	7451
1853	7461
1854	7471
1855	7481
1856	7491
1857	7491
1858	7491
1859	7501
1860	7511
1861	7511
1862	7511
1863	7511
1864	7511
1865	7511
1866	7511
1867	7511
1868	7511
1869	7511
1870	7511
1871	7511
1872	7511
1873	7511
1874	7511
1875	7511
1876	7511
1877	7511
1878	7511
1879	7521
1880	7521
1881	7521
1882	7521
1883	7521
1884	7521
1885	7531
1886	7541
1887	7551
1888	7561
1889	7561
1890	7561
1891	7571
1892	7571
1893	7571
1894	7571
1895	7571
1896	7581
1897	7581
1898	7581
1899	7581
1900	7591
1901	7601
1902	7611
1903	7611
1904	7621
1905	7631
1906	7631
1907	7641
1908	7651
1909	7661
1910	7661
1911	7671
1912	7681
1913	7691
1914	7701
1915	7701
1916	7711
1917	7721
1918	7721
1919	7731
1920	7741
1921	7751
1922	7761
1923	7771
1924	7781
1925	7791
1926	7791
1927	7791
1928	7801
1929	7811
1930	7811
1931	7811
1932	7811
1933	7811
1934	7811
1935	7811
1936	7821
1937	7821
1938	7821
1939	7821
1940	7821
1941	7821
1942	7821
1943	7831
1944	7831
1945	7841
1946	7851
1947	7861
1948	7861
1949	7871
1950	7871
1951	7881
1952	7881
1953	7891
1954	7891
1955	7891
1956	7901
1957	7901
1958	7901
1959	7901
1960	7901
1961	7901
1962	7901
1963	7901
1964	7901
1965	7901
1966	7901
1967	7901
1968	7901
1969	7901
1970	7901
1971	7901
1972	7901
1973	7901
1974	7901
1975	7901
1976	7901
1977	7901
1978	7901
1979	7901
1980	7901
1981	7901
1982	7901
1983	7911
1984	7911
1985	7911
1986	7911
1987	7911
1988	7911
1989	7911
1990	7911
1991	7921
1992	7931
1993	7941
1994	7941
1995	7941
1996	7941
1997	7941
1998	7951
1999	7951
2000	7961
2001	7961
2002	7961
2003	7961
2004	7961
2005	7961
2006	7971
2007	7981
2008	7981
2009	7981
2010	7991
2011	8001
2012	8011
2013	8011
2014	8011
2015	8021
2016	8031
2017	8041
2018	8041
2019	8051
2020	8051
2021	8051
2022	8051
2023	8051
2024	8061
2025	8071
2026	8071
2027	8071
2028	8081
2029	8091
2030	8101
2031	8111
2032	8121
2033	8121
2034	8131
2035	8131
2036	8131
2037	8131
2038	8131
2039	8131
2040	8131
2041	8141
2042	8151
2043	8151
2044	8151
2045	8161
2046	8171
2047	8181
2048	8181
2049	8181
2050	8181
2051	8191
2052	8201
2053	8201
2054	8211
2055	8221
2056	8221
2057	8231
2058	8241
2059	8241
2060	8241
2061	8241
2062	8241
2063	8251
2064	8261
2065	8271
2066	8271
2067	8271
2068	8271
2069	8281
2070	8281
2071	8281
2072	8281
2073	8281
2074	8291
2075	8301
2076	8311
2077	8321
2078	8331
2079	8341
2080	8351
2081	8351
2082	8351
2083	8361
2084	8381
2085	8381
2086	8381
2087	8381
2088	8391
2089	8401
2090	8401
2091	8411
2092	8421
2093	8431
2094	8441
2095	8441
2096	8441
2097	8451
2098	8461
2099	8471
2100	8481
2101	8481
2102	8481
2103	8481
2104	8491
2105	8491
2106	8491
2107	8501
2108	8511
2109	8511
2110	8511
2111	8511
2112	8511
2113	8511
2114	8521
2115	8531
2116	8541
2117	8541
2118	8541
2119	8551
2120	8561
2121	8561
2122	8571
2123	8571
2124	8571
2125	8581
2126	8591
2127	8601
2128	8601
2129	8611
2130	8611
2131	8611
2132	8611
2133	8611
2134	8631
2135	8641
2136	8641
2137	8641
2138	8651
2139	8661
2140	8671
2141	8681
2142	8691
2143	8691
2144	8691
2145	8691
2146	8691
2147	8691
2148	8701
2149	8711
2150	8711
2151	8721
2152	8731
2153	8611
2154	8611
2155	8611
2156	8611
2157	8751
2158	8761
2159	8771
2160	8771
2161	8771
2162	8771
2163	8771
2164	8781
2165	8781
2166	8791
2167	8791
2168	8801
2169	8811
2170	8821
2171	8831
2172	8841
2173	8851
2174	8851
2175	8861
2176	8861
2177	8861
2178	8871
2179	8881
2180	8881
2181	8881
2182	8881
2183	8891
2184	8891
2185	8901
2186	8911
2187	8921
2188	8931
2189	8941
2190	8951
2191	8961
2192	8971
2193	8971
2194	8971
2195	8971
2196	8971
2197	8971
2198	8971
2199	8981
2200	8981
2201	8981
2202	8991
2203	8991
2204	9001
2205	9011
2206	9011
2207	9011
2208	9011
2209	9021
2210	9031
2211	9041
2212	9051
2213	9061
2214	9061
2215	9061
2216	9061
2217	9061
2218	9061
2219	9061
2220	9071
2221	9081
2222	9081
2223	9091
2224	9091
2225	9101
2226	9101
2227	9101
2228	9111
2229	9121
2230	9131
2231	9141
2232	9141
2233	9141
2234	9141
2235	9141
2236	9141
2237	9141
2238	9141
2239	9141
2240	9141
2241	9151
2242	9161
2243	9171
2244	9181
2245	9191
2246	9201
2247	9211
2248	9221
2249	9221
2250	9221
2251	9221
2252	9221
2253	9221
2254	9221
2255	9221
2256	9221
2257	9221
2258	9221
2259	9221
2260	9221
2261	9221
2262	9221
2263	9221
2264	9221
2265	9221
2266	9231
2267	9241
2268	9241
2269	9251
2270	9261
2271	9271
2272	9271
2273	9281
2274	9291
2275	9301
2276	9311
2277	9311
2278	9311
2279	9321
2280	9321
2281	9331
2282	9331
2283	9331
2284	9331
2285	9331
2286	9331
2287	9331
2288	9331
2289	9341
2290	9351
2291	9361
2292	9361
2293	9361
2294	9371
2295	9381
2296	9391
2297	9401
2298	9401
2299	9401
2300	9401
2301	9411
2302	9421
2303	9431
2304	9441
2305	9451
2306	9461
2307	9471
2308	9481
2309	9491
2310	9501
2311	9501
2312	9511
2313	9521
2314	9531
2315	9541
2316	9541
2317	9541
2318	9551
2319	9551
2320	9551
2321	9551
2322	9551
2323	9551
2324	9551
2325	9551
2326	9561
2327	9571
2328	9581
2329	9591
2330	9591
2331	9601
2332	9601
2333	9611
2334	9621
2335	9621
2336	9621
2337	9621
2338	9641
2339	9651
2340	9651
2341	9651
2342	9661
2343	9661
2344	9661
2345	9661
2346	9661
2347	9661
2348	9661
2349	9671
2350	9681
2351	9681
2352	9691
2353	9701
2354	9701
2355	9711
2356	9711
2357	9711
2358	9711
2359	9711
2360	9711
2361	9711
2362	9711
2363	9711
2364	9711
2365	9711
2366	9711
2367	9711
2368	9711
2369	9711
2370	9711
2371	9721
2372	9731
2373	9741
2374	9751
2375	9761
2376	9771
2377	9771
2378	9781
2379	9791
2380	9791
2381	9816
2382	9811
2383	9816
2384	9816
2385	9816
2386	9816
2387	9816
2388	9816
2389	9821
2390	9824
2391	9824
2392	9826
2393	9824
2394	9831
2395	9841
2396	9841
2397	9841
2398	9841
2399	9851
2400	9851
2401	9861
2402	9861
2403	9871
2404	9871
2405	9881
2406	9891
2407	9901
2408	9901
2409	9871
2410	9921
2410	9926
2411	9931
2412	9941
2413	9951
2414	9961
2415	9961
2416	9961
2417	9961
2418	9961
2419	9961
2420	9961
2421	9961
2422	9961
2423	9961
2424	9961
2425	9961
2426	9961
2427	9961
2428	9961
2429	9961
2430	9961
2431	9961
2432	9961
2433	9961
2434	9961
2435	9961
2436	9981
2437	9991
2438	10001
2439	10001
2440	10011
2441	10021
2442	10031
2443	10031
2444	10031
2445	10041
2446	10051
2447	10061
2448	10071
2449	10081
2450	10091
2451	10091
2452	10091
2453	10091
2454	10101
2455	10111
2456	10121
2457	10131
2458	10141
2459	10141
2460	10151
2461	10151
2462	10161
2463	10171
2464	10181
2465	10191
2466	10191
2467	10191
2468	10191
2469	10191
2470	10191
2471	10191
2472	10191
2473	10191
2474	10191
2475	10191
2476	10191
2477	10191
2478	10191
2479	10191
2480	10191
2481	10191
2482	10191
2483	10191
2484	10191
2485	10191
2486	10191
2487	10201
2488	10211
2489	10221
2490	10221
2491	10221
2492	10221
2493	10231
2494	10241
2495	10251
2496	10261
2497	10271
2498	10271
2499	10271
2500	10281
2501	10291
2502	10301
2503	10301
2504	10301
2505	10301
2506	10311
2507	10311
2508	10311
2509	10321
2510	10321
2511	10321
2512	10321
2513	10321
2514	10321
2515	10321
2516	10321
2517	10321
2518	10321
2519	10321
2520	10321
2521	10321
2522	10321
2523	10321
2524	10321
2525	10321
2526	10321
2527	10321
2528	10341
2529	10351
2530	10361
2531	10371
2532	10371
2533	10381
2534	10391
2535	10391
2536	10391
2537	10401
2538	10411
2539	10421
2540	10421
2541	10421
2542	10421
2543	10421
2544	10421
2545	10421
2546	10421
2547	10421
2548	10421
2549	10421
2550	10431
2551	10431
2552	10431
2553	10441
2554	10451
2555	10461
2556	10461
2557	10471
2558	10471
2559	10481
2560	10481
2561	10491
2562	10501
2563	10501
2564	10521
2565	10531
2566	10541
2567	10551
2568	10561
2569	10561
2570	10561
2571	10561
2572	10561
2573	10561
2574	10571
2575	10581
2576	10591
2577	10601
2578	10611
2579	10621
2580	10621
2581	10621
2582	10621
2583	10621
2584	10621
2585	10621
2586	10621
2587	10621
2588	10631
2589	10631
2590	10641
2591	10641
2592	10641
2593	10641
2594	10641
2595	10651
2596	10651
2597	10651
2598	10651
2599	10651
2600	10651
2601	10651
2602	10651
2603	10651
2604	10651
2605	10661
2606	10671
2607	10671
2608	10681
2609	10691
2610	10696
2611	10696
2612	10701
2613	10711
2614	10711
2615	10721
2616	10731
2617	10741
2618	10751
2619	10761
2620	10761
2621	10771
2622	10781
2623	10791
2624	10801
2625	10811
2626	10811
2627	10821
2628	10831
2629	10841
2630	10841
2631	10841
2632	10841
2633	10851
2634	10861
2635	10861
2636	10861
2637	10871
2638	10871
2639	10881
2640	10881
2641	10891
2642	10901
2643	10911
2644	10921
2645	10921
2646	10921
2647	10921
2648	10931
2649	10931
2650	10941
2651	10951
2652	10961
2653	10961
2654	10971
2655	10981
2656	10991
2657	10991
2658	10991
2659	11001
2660	11011
2661	11021
2662	11021
2663	11021
2664	11021
2665	11021
2666	11021
2667	11021
2668	11021
2669	11021
2670	11021
2671	11021
2672	11021
2673	11021
2674	11021
2675	11021
2676	11021
2677	11021
2678	11021
2679	11021
2680	11021
2681	11021
2682	11021
2683	11021
2684	11021
2685	11021
2686	11031
2687	11041
2688	11051
2689	11061
2690	11061
2696	11081
2697	11091
2698	11091
2699	11091
2700	11091
2701	11091
2702	11091
2703	11091
2704	11101
2705	11111
2706	11111
2707	11121
2708	11131
2709	11141
2710	11141
2711	11141
2712	11141
2713	11151
2714	11161
2715	11171
2716	11181
2717	11191
2717	11221
2717	11221
2717	11221
2718	11201
2719	11201
2720	11201
2721	11201
2722	11201
2723	11201
2724	11201
2725	11201
2726	11201
2727	11201
2728	11201
2729	11201
2730	11201
2731	11201
2732	11201
2733	11201
2734	11201
2735	11201
2736	11201
2737	11201
2738	11201
2739	11201
2740	11201
2741	11201
2742	11201
2743	11201
2744	11201
2745	11201
2746	11201
2747	11201
2748	11201
2749	11201
2750	11201
2751	11211
2752	11211
2756	11231
2757	11241
2758	11251
2759	11251
2760	11251
2761	11251
2762	11251
2763	11251
2764	11251
2765	11251
2766	11251
2767	11251
2768	11251
2769	11251
2770	11251
2771	11251
2772	11251
2773	11251
2774	11251
2775	11251
2776	11251
2777	11251
2778	11251
2779	11251
2780	11251
2781	11261
2782	11261
2783	11261
2784	11261
2785	11261
2786	11261
2787	11261
2788	11261
2789	11271
2790	11281
2791	11291
2792	11291
2793	11301
2794	11311
2795	11321
2796	11331
2797	11341
2798	11341
2799	11341
2800	11341
2801	11351
2802	11351
2803	11351
2804	11351
2805	11351
2806	11351
2807	11351
2808	11361
2809	11361
2810	11361
2811	11361
2812	11361
2813	11361
2814	11361
2815	11371
2816	11381
2817	11381
2818	11391
2819	11401
2820	11411
2821	11421
2822	11421
2823	11431
2824	11441
2825	11451
2826	11451
2827	11461
2828	11461
2829	11471
2830	11471
2831	11471
2832	11481
2833	11481
2834	11481
2835	11481
2836	11491
2837	11501
2838	11511
2839	11511
2840	11521
2841	11521
2842	11531
2843	11541
2844	11551
2845	11561
2846	11571
2847	11581
2848	11591
2849	11601
2850	11611
2851	11611
2852	11621
2853	11631
2854	11631
2855	11641
2856	11651
2857	11651
2858	11661
2859	11661
2860	11671
2861	11671
2862	11681
2863	11691
2864	11701
2865	11711
2866	11721
2867	11731
2868	11741
2869	11741
2870	11741
2871	11751
2872	11751
2873	11751
2874	11751
2875	11751
2876	11751
2877	11761
2878	11771
2879	11771
2880	11771
2881	11771
2882	11771
2883	11771
2884	11771
2885	11781
2886	11791
2887	11791
2888	11791
2889	11801
2890	11811
2891	11811
2892	11811
2893	11821
2894	11831
2895	11841
